2774
1 1147
2 2347
2 2750
2 2506
3 1964
3 1431
3 612
4 637
4 689
5 136
6 2303
6 2641
7 1079
8 393
9 2598
9 1491
10 329
11 1598
11 757
12 174
12 1248
12 2247
12 2686
13 67
13 915
13 428
13 1906
14 164
14 650
15 1293
15 2054
15 2746
15 2469
16 1654
16 960
17 420
18 959
18 40
19 2334
19 1001
19 848
19 2116
20 1926
20 1776
21 754
21 1985
21 1048
21 1217
21 858
22 1086
22 1404
22 2141
23 2590
23 1025
24 516
24 1495
24 1250
25 841
25 399
26 848
27 2163
28 2683
28 554
29 779
30 1203
30 2238
31 2092
32 1154
32 2255
32 597
33 2021
33 401
33 461
34 415
34 1080
34 1336
34 38
34 440
35 86
35 2501
35 1531
36 1330
36 2639
36 138
37 1748
37 1447
38 2238
39 2580
39 2583
40 1318
40 2760
40 1649
41 1487
41 1616
41 2762
41 491
42 1922
43 1438
44 1934
44 2200
44 2388
44 595
45 2691
46 189
47 1357
48 710
48 986
49 645
50 2557
51 2592
51 1941
52 134
52 696
52 2640
53 849
53 1556
54 899
54 686
54 2535
55 1509
56 584
56 1333
57 115
58 2095
59 172
59 468
59 702
60 899
61 640
61 2593
62 1364
63 672
63 858
64 2660
65 109
65 992
66 2616
67 185
68 361
68 2181
68 960
68 2126
69 1812
70 800
70 995
70 1926
71 306
71 961
71 2412
71 122
72 1232
72 1385
73 1609
73 2051
73 271
73 870
74 2235
75 2118
76 2601
76 2261
77 773
77 144
78 2683
79 1031
79 1778
80 386
81 1978
81 575
82 947
82 140
83 1275
84 2150
85 515
85 152
85 2583
85 1704
85 2607
87 997
88 1096
88 1915
89 1353
89 1632
90 2531
91 246
91 144
92 2512
92 2319
93 2218
94 408
94 318
94 1020
94 824
94 2375
95 1052
95 1272
96 426
96 918
96 569
97 2061
97 1320
98 2301
99 2426
99 1285
100 2636
100 2234
101 1179
101 2382
102 1942
103 1270
103 1892
104 2248
104 1317
105 524
106 410
106 2487
106 2366
107 505
107 1076
107 574
108 2251
109 337
110 2182
110 1055
110 448
110 2619
111 380
112 932
112 2572
112 2472
113 1478
113 213
114 2093
115 793
116 731
116 779
116 1314
116 2631
117 477
117 466
118 881
119 769
120 606
120 1764
121 2274
121 1515
122 1302
122 2077
122 775
123 2304
124 2261
125 986
125 2377
126 2137
127 427
127 1039
128 354
129 1104
130 1988
130 2689
131 1360
131 1529
131 985
131 1379
132 320
133 192
135 573
135 1124
136 2247
137 1201
138 1193
139 790
139 331
139 2543
140 2267
140 1995
141 1958
142 2421
142 860
143 743
144 664
145 853
145 1738
145 1787
145 925
146 669
146 1624
147 1107
147 594
148 2319
148 2135
149 965
149 2274
150 1854
151 2018
151 781
152 1888
153 1174
154 894
155 2403
156 1432
157 648
158 2294
158 444
158 2580
159 1917
160 1188
160 534
161 2164
161 266
162 769
162 2340
162 1118
163 1075
163 1711
163 1344
163 1923
164 1274
165 2454
165 674
165 2107
166 554
166 520
167 836
167 2078
167 1959
168 1386
168 2444
169 313
169 349
170 1752
170 1571
170 1648
170 1601
171 458
173 559
173 1901
175 1467
175 1236
175 2207
176 1429
176 1905
177 2256
178 1884
179 1381
179 1145
179 2527
179 2577
179 1588
179 973
180 1616
181 419
181 284
182 1294
182 1563
182 642
183 992
183 1527
184 1238
184 781
186 553
186 694
186 478
186 1926
187 840
187 1933
188 1732
188 2083
189 2244
190 947
191 2212
191 2214
192 279
192 2659
192 301
193 1227
193 2568
193 2663
194 1845
194 2167
195 685
195 2313
196 1603
196 507
197 879
197 1814
197 1908
197 264
198 2587
199 231
199 1193
199 1246
200 2355
200 962
201 2514
201 1097
201 2057
202 979
203 242
204 221
205 723
205 868
205 560
206 1866
206 876
207 616
207 266
207 2646
207 1957
208 2627
209 1357
209 780
209 1339
210 1922
211 2144
212 808
213 2358
213 996
213 1940
214 241
215 720
215 2564
215 1838
216 1201
216 1318
217 466
217 1677
218 2155
218 2535
219 2476
219 878
220 502
221 603
222 526
223 971
223 2034
223 2313
224 2102
225 1650
226 747
227 843
227 2276
227 1762
228 541
228 2672
228 663
228 2000
229 784
229 958
229 802
230 1835
230 1375
230 1671
232 634
233 2306
233 2064
234 1599
235 735
235 495
236 1848
237 1767
238 1406
238 1951
238 449
238 697
238 681
239 2270
240 308
241 1154
242 601
242 529
243 931
244 471
244 2628
244 1197
245 659
247 437
247 296
247 1392
247 863
248 1087
249 1823
250 2125
251 1389
252 1612
252 1453
253 1316
254 2602
254 1882
255 962
256 1075
257 1318
258 730
258 681
258 313
259 2081
259 1098
259 1305
260 806
261 2532
261 1923
261 2310
262 706
263 1345
263 268
263 2354
264 2684
264 2543
264 1182
265 1816
266 2460
267 1344
268 2108
268 2035
268 793
269 1476
270 2154
271 2730
272 2232
273 353
273 1819
274 2179
274 2302
274 445
275 2037
275 1558
276 1957
276 1763
277 1039
277 1217
278 935
278 2198
280 2439
281 808
281 2660
282 2220
282 1962
283 1477
283 518
284 2364
285 295
285 493
286 1733
286 2307
287 502
288 653
288 713
289 2611
289 2399
290 602
290 2228
290 2120
291 1172
292 2184
292 2618
293 2525
293 2349
294 1209
296 2059
296 2028
297 402
297 703
298 361
299 2445
299 1577
300 1584
301 870
302 2739
303 1651
303 508
304 449
305 2706
307 2548
307 1749
308 2044
309 1254
310 1521
310 1944
310 411
311 1767
311 2245
311 1874
311 756
312 1962
314 1023
314 814
315 1247
315 2491
316 582
316 349
316 2351
317 1979
318 2575
319 1332
320 1540
320 1018
321 805
322 2192
323 1334
323 2533
323 1372
324 713
324 2066
324 1257
325 1419
325 1439
326 2510
326 775
327 2154
328 1549
328 551
328 1417
329 665
330 2270
330 1941
330 846
331 2055
332 2758
332 2229
333 430
333 1392
334 2456
334 626
334 2002
335 454
336 1870
336 1757
337 772
338 2094
339 1917
340 1176
341 2121
342 2440
343 2004
344 2079
345 2600
346 1928
346 1016
346 1804
347 940
348 1456
348 902
348 864
349 2475
350 1368
350 861
351 379
351 1668
352 1280
352 1818
352 1687
354 2322
354 1991
355 1350
355 843
356 2253
357 2041
358 1682
359 1544
360 2128
360 749
361 557
361 1316
362 483
362 1862
362 2107
362 860
363 710
364 939
364 2004
365 882
366 643
366 2336
367 2747
368 416
369 1947
370 2059
371 1933
372 1734
372 2073
372 2320
372 2172
372 1296
373 535
373 951
374 1554
375 1119
375 1491
375 650
376 2552
377 552
378 799
379 702
380 426
381 2383
381 703
382 1725
382 2070
382 968
382 1013
383 2208
384 1591
384 2281
384 633
385 465
386 1090
386 1947
386 1249
386 1585
386 2130
387 2734
387 770
388 597
388 991
389 2635
390 1915
390 2457
390 2159
391 1948
391 2462
392 1228
392 2133
393 1492
394 1407
394 2245
395 1101
395 1672
395 1576
395 2332
396 2536
397 2640
398 2114
398 1290
399 2261
399 885
400 2479
401 1263
401 2052
403 778
403 925
403 2098
404 2436
404 1960
405 1699
405 495
406 657
407 1177
407 2218
407 695
407 1635
408 1679
409 1788
411 1138
411 1262
412 2363
412 2295
413 1499
413 2313
414 1671
414 2180
416 1099
416 2195
416 1979
417 1674
418 1109
419 2297
420 707
420 1066
420 2709
420 1742
421 2361
421 594
422 2716
423 2748
424 774
424 2072
425 1741
425 2099
425 1757
427 1607
427 2006
427 2375
428 1403
429 862
429 1099
431 478
432 2081
433 1684
434 488
435 1222
435 1331
436 776
436 2561
438 1411
438 1714
438 816
439 621
440 1479
441 1302
442 1237
443 2171
444 2058
444 2304
444 2498
445 2300
446 918
447 2744
447 1514
448 1104
448 826
449 2264
449 2316
449 2722
450 1178
450 2102
451 1627
451 721
452 1123
452 948
452 571
453 2097
453 2171
453 1531
453 986
454 804
454 2515
454 981
455 1813
455 1439
456 1896
457 2227
458 1917
459 704
460 1061
460 937
461 2020
461 1911
461 906
462 2560
463 2314
463 1641
464 2185
465 1780
465 802
465 873
467 1522
468 1185
469 1037
469 906
469 648
470 514
470 835
470 1809
471 1509
472 818
472 1735
472 2046
473 913
473 881
474 1578
474 2076
474 2257
475 2222
476 811
476 1630
478 1565
479 1455
479 1186
480 641
480 682
481 2008
481 1032
482 1661
483 1038
484 2733
484 984
485 628
485 2143
485 1677
485 1428
485 2051
486 1745
486 1761
487 2280
487 1356
488 2088
488 1692
488 2540
488 2071
489 1246
489 2348
489 2297
490 2600
491 2065
491 2019
492 1503
492 1705
492 1110
493 2005
493 1682
494 2546
494 722
495 1568
496 1143
496 1004
496 1671
497 2363
498 1749
499 759
499 1110
500 2389
500 2048
500 2372
500 563
501 1422
501 796
502 1567
502 673
503 1013
504 1534
504 1068
506 1608
506 2279
506 1552
506 1633
507 1945
508 1454
508 1611
509 2325
509 1203
510 1501
510 1168
511 1267
511 2562
511 2153
512 1363
513 539
513 823
516 2398
517 1516
518 786
518 1697
519 1241
520 1612
521 1868
521 2487
522 2485
522 1664
523 688
523 2697
524 528
524 1335
525 1895
525 1390
525 986
526 1935
526 2643
526 2621
527 545
527 829
528 1770
529 2265
529 710
530 1659
530 1427
531 2613
532 2395
532 2529
533 2691
534 662
534 2080
535 1118
536 2092
536 743
537 2240
537 2209
538 2366
538 2666
540 1952
540 1911
542 776
543 1117
543 1794
544 1303
544 1071
546 2701
546 1572
547 552
547 1118
548 2093
548 2731
549 829
550 980
551 1777
554 1681
554 2158
555 1105
555 2024
556 1380
558 1493
559 1242
560 2170
560 2272
560 987
560 835
561 2404
562 2399
563 2624
563 1385
564 2134
564 2655
564 2580
565 765
566 607
566 2239
567 1174
568 1593
568 2250
568 2594
569 1291
569 2399
569 1297
569 1719
570 1891
570 1226
571 2351
572 1755
572 2112
572 1333
573 1498
573 2626
573 2699
574 1678
575 1666
575 1594
576 2105
576 1040
576 734
577 1197
578 2656
579 2246
580 1704
581 1589
581 2420
583 1427
584 1351
584 1854
584 2333
585 2224
586 729
586 973
587 1617
587 2510
588 2394
588 2021
589 2733
590 1929
591 1180
592 862
593 2277
594 793
595 2446
596 2186
596 658
597 698
598 1670
598 1535
598 1093
598 2256
599 986
600 1284
600 1388
600 1200
603 1506
603 677
604 1900
604 2309
605 2495
605 742
606 2162
606 1053
608 2030
608 748
609 2376
609 2442
610 2403
610 1550
611 1166
612 978
612 809
613 1893
613 2576
613 1948
614 1065
615 900
615 2295
617 1079
618 2582
619 2484
620 792
620 1553
620 1275
621 2193
621 1145
622 645
623 804
624 1208
625 1100
625 1361
625 859
625 2677
626 2338
627 1938
627 1097
629 1265
629 1481
629 977
630 1817
630 1597
631 2511
631 1047
632 751
633 686
634 1958
634 1460
635 1894
636 2593
638 2383
639 770
639 2764
639 1010
640 2452
642 1579
643 2745
644 1063
645 1992
645 2111
646 2498
647 1604
648 856
649 1300
650 2489
651 2165
651 969
651 2575
652 875
654 1526
655 1408
655 2496
655 2132
656 717
656 1345
657 2658
658 2276
659 1539
660 2125
660 1295
661 1618
661 1356
661 1237
661 697
662 1763
663 822
664 1155
665 873
666 1370
666 2049
667 1453
668 1883
668 864
668 2250
669 850
670 2134
671 919
673 732
673 2057
673 1740
674 1328
674 2256
675 2269
675 1569
676 2173
677 749
677 873
678 2402
678 1373
678 2199
679 1172
679 2000
679 2195
680 1542
681 1798
682 2468
682 1544
683 2272
684 929
685 1424
685 905
686 2690
687 1851
687 1215
687 1194
688 2653
689 2534
690 1086
691 852
692 1091
693 1068
695 1655
695 2578
697 751
699 1595
700 943
701 2317
701 2763
702 1497
703 1054
703 2032
703 2593
703 2093
704 1333
704 1519
704 2319
705 1108
705 2736
706 839
708 900
709 1791
710 1281
710 2161
710 2770
711 1187
711 1250
711 1672
712 2538
712 2617
712 2680
712 2260
714 789
714 1866
715 2106
715 2736
715 2577
716 2046
717 2569
718 1102
718 1961
718 2092
719 724
720 744
720 1594
720 1775
721 2728
721 1576
722 1911
724 1094
725 1644
725 1372
726 1132
726 1015
726 2365
727 2743
728 2396
728 848
729 1841
730 1473
731 897
731 1451
732 1611
733 1669
734 2346
736 1040
737 1796
737 2033
737 1455
738 1685
739 2417
739 2609
740 1115
741 2064
741 917
742 1374
742 2110
742 2262
742 2287
742 1450
742 1555
743 2560
745 2547
746 1690
746 1674
746 1939
747 1896
747 2349
748 1967
749 1994
750 2539
750 1744
752 2579
753 2585
755 1811
755 1523
756 1148
757 1337
757 937
757 2207
758 2701
759 1786
760 2458
760 2206
761 1829
761 2448
761 2181
762 2207
763 1045
763 1517
764 1821
765 2198
765 2726
766 1919
767 2174
767 1383
768 1159
768 1747
768 1831
771 1654
772 1335
774 1876
775 2365
775 1844
776 2571
777 1836
778 2308
779 901
780 1398
781 1071
782 2594
782 821
783 2235
783 2505
784 2530
785 1346
785 2447
785 2477
785 1508
785 1237
786 1727
786 1116
787 2062
788 2092
791 1272
791 880
793 1860
794 1288
795 2367
796 1873
797 1060
797 2399
798 2772
799 2557
799 1045
800 887
801 2121
801 1649
801 874
803 2256
805 2145
806 846
807 1435
807 2611
808 2217
808 1823
809 1224
809 1603
810 815
810 2275
810 862
812 1452
813 1290
813 1807
814 1836
814 1693
815 1483
816 2427
816 1338
817 2046
819 2508
819 1031
820 2563
820 2696
821 2251
821 2703
821 2604
822 2771
823 2106
824 2392
825 1925
826 1559
827 1643
827 2509
828 1133
828 1345
829 1082
829 1031
830 1793
831 2473
831 2499
832 2036
832 1469
833 1606
833 2101
834 2676
835 1300
837 1762
837 1648
838 2299
838 1472
838 2553
839 1027
840 1192
841 919
842 2570
842 1297
844 1492
845 1647
845 2128
846 2459
847 2756
850 1973
851 1316
852 962
852 2024
854 1903
854 2093
855 1430
855 2654
855 2691
855 2696
856 1278
856 2137
856 1852
857 2345
857 1921
858 1369
858 2566
858 2340
859 1547
860 1200
860 1704
861 2246
861 1064
863 920
864 2385
865 2763
866 1610
866 1222
867 1081
867 1860
868 1202
869 931
870 1850
870 1648
871 2765
872 1259
873 1815
873 1004
874 1841
875 2503
876 1258
877 2526
878 1230
878 2455
878 2531
878 2594
880 2551
881 2410
882 1820
882 1945
882 2444
883 2007
883 1410
883 1507
884 2398
885 1211
885 2413
886 2683
888 2089
889 2266
890 1427
891 2063
892 1789
893 1251
894 1696
895 1354
895 954
896 1277
896 1346
897 1721
898 2017
899 2656
900 1268
901 1286
902 1083
903 2729
904 2665
904 1874
905 2645
907 2418
908 1600
908 2049
908 1192
909 2010
909 2157
909 2043
910 1168
911 953
911 2759
911 1200
912 1009
912 2339
914 1126
914 1054
916 1894
916 1405
916 2175
917 2603
918 1662
918 2208
920 2415
920 1148
920 2135
920 1450
921 2758
922 1323
923 1962
923 1219
924 2576
926 1482
926 2359
927 1758
928 1296
929 1848
929 2577
930 2500
930 1835
931 1465
931 1592
931 1975
932 1575
933 1157
934 2011
934 2482
935 2711
936 1825
936 2146
936 1629
936 1829
938 974
938 2600
940 1998
941 1397
941 1828
942 1348
943 1920
943 2741
944 1513
944 1530
945 1074
945 1866
946 1756
946 1166
948 1068
948 1088
949 1378
949 1685
949 2393
949 1557
950 2507
950 2068
951 1273
951 2023
951 1970
952 1877
952 2155
954 1954
954 2210
955 2589
956 1953
956 1572
957 1153
957 2454
958 2609
959 1057
960 2277
963 1106
964 2053
965 2474
966 1122
967 1321
967 2161
968 1736
969 2140
970 1363
972 1296
972 1006
973 2330
973 1919
974 2080
975 2455
976 1007
977 2152
977 2430
977 2662
978 2386
979 1622
980 1139
981 2258
981 1025
982 1484
982 2688
983 1446
983 1496
984 1233
985 2362
985 1543
986 2413
987 2003
987 1262
988 1392
989 2292
989 1823
990 2252
991 2066
992 1839
993 1087
994 2716
994 1633
996 1921
996 2446
997 2132
998 1458
998 2471
998 2405
999 1330
1000 1943
1000 1011
1000 1008
1001 1432
1002 2606
1002 1384
1002 1238
1003 2754
1003 1669
1005 1476
1006 1488
1006 2509
1006 2531
1007 2619
1007 2646
1008 2550
1010 1956
1010 2472
1010 1747
1011 1783
1012 1812
1012 1022
1013 2156
1013 1384
1014 2414
1015 2187
1016 2025
1017 1327
1017 2486
1018 1957
1019 2475
1020 1550
1021 1326
1022 1173
1022 2055
1023 1554
1024 2463
1024 2608
1024 2686
1024 2527
1025 2019
1025 1559
1026 1340
1027 2045
1027 1855
1028 1107
1029 1844
1029 2141
1030 1463
1030 1495
1031 2425
1031 1718
1032 1322
1032 1146
1032 1263
1033 2237
1033 1402
1034 1114
1034 2497
1034 2768
1034 1991
1035 1722
1035 1535
1036 1510
1036 2506
1036 1585
1039 2002
1040 2390
1041 1223
1041 1131
1042 1227
1043 1797
1043 1099
1044 2156
1045 2042
1046 2323
1046 1173
1047 1637
1047 2129
1047 2064
1048 2382
1048 2698
1049 2371
1050 2190
1051 1204
1051 1981
1052 2640
1053 1624
1053 1167
1053 1443
1055 2192
1056 1478
1058 2149
1059 1805
1059 1448
1059 2314
1061 1512
1061 2253
1062 1389
1062 2268
1062 2400
1062 2284
1063 1977
1064 1652
1064 1821
1065 2224
1067 1182
1069 1627
1070 1830
1070 1823
1071 2560
1071 2670
1072 2668
1073 2120
1073 1310
1074 1175
1077 2516
1077 1372
1078 2765
1078 2517
1079 1658
1079 2056
1079 1094
1079 2319
1083 1124
1083 2241
1084 2678
1084 2497
1085 2036
1087 1276
1087 1757
1088 2591
1088 2630
1089 1623
1089 2324
1089 2717
1089 1221
1091 2619
1092 1181
1093 1287
1093 1832
1093 2670
1094 1743
1094 2741
1095 1792
1095 2709
1097 2213
1097 2541
1098 2524
1099 2094
1099 2328
1101 1517
1103 1916
1103 2603
1103 1561
1106 1734
1107 1967
1109 2642
1109 2433
1110 1800
1110 2364
1111 2568
1112 2481
1112 2022
1113 1628
1113 2442
1115 1886
1115 1601
1115 2630
1116 2148
1116 2190
1119 1635
1120 2518
1121 1661
1121 2384
1122 2509
1125 2081
1126 1184
1127 1723
1128 2343
1129 2552
1130 1772
1131 2712
1132 1516
1133 1726
1133 1156
1134 1252
1135 1217
1136 1379
1137 2026
1137 2164
1138 1561
1139 1636
1139 2169
1140 2375
1141 2406
1141 1306
1142 2252
1144 1759
1146 2278
1147 2201
1147 1987
1149 1392
1150 1532
1150 2109
1150 2018
1151 1586
1151 1702
1152 2439
1152 1326
1153 2169
1155 2327
1155 2356
1156 1909
1156 2756
1157 2295
1158 2275
1159 1220
1159 2441
1160 1438
1160 2529
1161 2440
1162 1715
1162 1240
1162 2219
1163 2578
1164 2733
1165 2229
1166 1982
1166 1583
1166 1943
1167 2567
1168 2431
1168 1210
1169 2364
1170 2647
1171 1307
1171 2461
1172 1933
1174 2516
1176 1189
1176 1205
1180 2188
1180 1737
1181 2254
1181 1602
1182 1447
1182 2038
1183 2432
1184 1842
1186 1802
1187 2668
1190 1717
1191 1988
1192 2124
1193 2219
1194 2374
1195 2175
1196 1532
1197 2141
1197 1840
1198 1542
1198 1342
1199 2657
1204 1382
1205 2046
1206 2197
1206 2260
1206 1275
1207 1522
1208 1706
1208 2298
1208 1484
1209 1471
1209 1333
1210 2547
1211 2407
1212 2721
1213 1245
1214 2016
1215 1377
1216 1602
1216 1627
1218 1877
1219 2708
1221 2408
1225 1657
1226 2613
1228 1872
1229 1959
1229 1942
1231 2529
1231 2436
1232 2233
1232 2535
1233 2663
1234 2751
1235 1408
1236 1312
1238 1749
1239 1917
1239 2209
1240 2486
1241 2767
1242 2637
1243 1949
1243 2167
1244 1930
1245 1970
1245 2765
1247 1634
1247 2315
1248 2176
1249 1359
1249 2644
1250 2364
1251 1880
1251 2648
1252 2381
1253 1678
1254 2671
1255 2002
1256 2713
1257 1861
1258 2263
1258 2433
1259 1648
1260 1706
1261 1390
1264 1271
1266 2140
1268 1869
1268 2674
1269 1454
1270 2259
1271 1588
1272 1613
1272 1826
1273 1485
1273 2039
1275 2028
1277 2017
1279 2561
1279 2510
1282 1511
1282 2361
1283 2014
1285 2547
1285 1970
1286 2695
1288 1470
1288 1722
1289 2257
1289 1680
1292 2503
1295 2329
1295 2541
1297 2442
1298 1334
1299 2361
1301 1769
1301 1940
1301 1406
1303 2693
1304 2305
1305 2370
1306 2081
1308 1683
1309 2168
1310 2153
1310 1640
1311 1347
1311 2475
1312 1772
1313 2300
1313 2344
1313 2509
1314 2604
1315 2328
1317 1342
1317 1910
1317 2297
1319 2432
1319 2589
1319 2620
1320 2243
1321 1793
1322 1931
1323 2232
1323 2700
1323 2023
1324 2671
1325 2673
1326 2614
1326 2526
1329 1946
1330 2178
1331 1462
1332 2236
1332 2490
1338 1531
1339 2022
1340 2473
1341 1524
1342 1688
1343 2688
1344 2142
1345 2584
1348 1674
1349 2312
1352 1683
1352 2102
1352 2505
1352 1787
1354 2072
1354 2118
1355 2342
1356 1700
1356 2721
1358 1927
1362 2275
1363 2349
1363 2083
1364 1840
1364 2308
1365 1551
1366 2397
1367 1414
1367 1433
1371 1564
1372 2682
1372 2681
1373 1544
1375 1669
1376 2298
1377 2409
1379 2285
1379 2175
1380 1439
1380 2327
1382 2226
1383 2678
1385 1726
1387 1631
1387 2347
1388 2122
1390 2437
1391 1962
1392 1396
1392 1464
1393 2012
1393 2737
1393 1748
1394 1710
1395 2715
1395 2398
1396 1788
1397 2071
1399 1729
1400 2552
1401 1858
1401 1943
1402 1496
1402 1892
1403 1615
1403 1927
1404 2528
1405 2469
1407 1653
1407 1882
1409 2371
1410 1650
1410 1569
1411 1597
1412 1724
1412 2325
1413 2120
1414 1619
1415 2581
1416 1660
1416 2523
1416 1945
1417 1695
1417 1729
1417 2657
1418 2120
1419 2290
1420 2615
1420 2180
1421 1773
1423 2725
1423 1515
1425 1578
1426 2167
1427 2031
1428 2641
1429 2151
1431 2649
1432 2419
1433 1751
1433 1830
1434 2243
1436 1935
1437 2328
1440 2048
1441 2195
1442 2016
1442 2161
1443 1541
1443 2243
1444 2519
1445 2578
1446 2242
1448 1969
1449 1883
1451 1873
1451 2669
1452 2370
1453 2119
1457 1902
1458 2453
1459 2485
1460 2401
1460 2034
1461 2544
1462 2666
1462 1588
1463 1744
1463 2738
1464 1936
1464 1731
1464 2753
1466 2000
1468 1739
1468 2116
1468 2228
1469 2148
1472 2113
1473 2131
1474 1479
1474 1584
1475 1918
1475 2615
1476 2723
1480 2739
1480 2769
1480 2135
1481 2337
1481 2083
1486 2068
1489 1782
1490 1948
1491 2410
1492 1861
1493 2706
1493 2685
1494 2648
1495 1905
1495 1831
1498 2449
1499 1582
1500 1504
1502 2664
1504 1676
1504 2587
1505 1887
1505 2294
1507 2173
1507 1698
1507 2772
1508 1556
1508 1757
1510 2705
1511 2075
1514 2713
1515 2515
1517 1939
1518 2774
1519 1974
1520 1742
1522 1794
1522 2405
1523 2077
1524 1960
1524 2592
1525 2047
1525 1984
1526 1696
1527 1964
1528 2649
1529 2492
1530 2150
1531 1709
1533 1665
1533 2030
1534 2089
1535 2552
1536 2342
1536 2113
1537 2667
1537 2422
1538 2369
1539 2504
1543 2708
1545 2384
1546 2404
1548 1954
1551 1680
1551 2677
1552 2123
1552 2145
1553 1581
1555 2473
1557 2281
1558 2159
1558 1843
1560 1693
1560 2687
1562 1955
1564 2367
1565 1570
1566 1884
1567 2622
1568 1946
1571 2490
1572 1986
1572 2486
1573 2539
1574 1630
1575 2014
1577 1783
1579 1605
1580 2318
1580 2407
1582 2167
1583 2291
1584 2083
1587 2667
1588 2740
1590 1802
1590 1946
1595 1863
1595 2543
1596 1941
1598 2484
1599 2677
1599 2287
1602 1875
1604 2024
1604 2465
1605 2372
1609 1737
1611 2282
1613 1799
1614 1644
1617 2612
1620 2333
1621 2392
1622 2560
1625 2104
1626 2532
1628 2313
1629 2597
1630 1725
1631 2451
1631 2440
1632 1993
1632 2294
1633 2241
1637 1914
1638 2578
1639 1759
1640 1937
1640 1701
1640 1860
1641 2439
1642 1923
1643 2377
1645 2212
1646 2499
1648 2309
1649 2629
1651 2405
1654 2536
1655 2095
1656 2373
1657 2101
1663 1766
1664 2206
1667 1918
1668 2631
1668 2210
1671 2293
1673 2193
1674 1750
1675 2277
1676 2154
1676 2503
1677 2623
1678 2357
1678 1874
1679 2467
1682 1891
1684 1777
1686 2465
1687 2680
1689 2612
1691 2513
1691 2158
1692 2203
1694 2662
1696 1834
1697 2162
1698 2204
1699 2127
1701 2331
1702 1801
1702 2665
1703 2624
1704 2038
1704 2747
1705 2408
1707 2766
1708 2029
1708 2066
1710 2658
1710 2232
1712 2717
1713 2647
1714 2607
1715 2359
1716 2283
1716 2399
1717 2676
1718 1901
1718 2767
1719 2749
1719 1778
1720 2509
1723 1984
1724 2461
1724 2478
1728 1996
1730 2670
1731 2651
1732 2671
1733 2335
1736 2582
1740 1809
1742 2537
1742 2419
1744 1857
1746 1881
1749 1819
1751 2763
1753 2119
1753 1894
1754 1929
1757 2526
1758 1961
1759 2645
1760 2599
1760 2587
1761 2644
1764 2142
1765 2097
1766 1824
1766 1805
1768 1995
1771 2647
1773 2214
1773 2082
1774 1853
1774 2372
1775 2374
1775 2428
1775 1942
1776 2098
1778 2142
1779 2670
1781 2751
1781 2145
1782 2231
1782 2572
1784 2433
1784 2692
1784 2507
1785 1875
1787 2371
1788 2627
1789 1995
1789 2618
1790 1807
1791 2228
1793 2424
1794 1999
1795 2047
1798 2423
1799 1849
1800 1816
1803 2331
1804 2445
1806 1843
1806 2395
1807 1947
1808 2308
1809 1861
1809 2137
1810 2543
1821 2337
1822 2091
1822 2666
1826 1898
1827 2487
1828 2636
1832 2227
1832 2450
1833 2265
1834 2122
1835 2704
1837 2634
1838 2223
1843 2504
1845 2713
1845 2660
1846 1990
1846 1949
1847 2132
1848 1975
1852 2618
1855 2708
1856 1908
1859 1955
1861 1955
1862 1925
1863 2271
1863 2727
1864 2742
1865 2296
1865 2130
1867 2765
1869 2312
1871 2455
1873 2462
1878 2161
1879 2137
1881 1947
1883 1984
1884 1913
1885 2228
1888 2470
1889 2473
1890 1971
1890 2031
1892 2479
1892 1918
1894 2244
1896 2343
1897 2726
1897 2536
1899 2266
1900 1932
1901 2600
1902 2743
1902 2672
1904 2466
1906 2734
1907 2089
1908 2136
1909 2434
1910 1979
1911 2239
1912 2762
1913 2480
1913 2267
1918 2043
1919 2224
1919 2005
1922 2742
1924 2341
1925 2346
1929 2533
1930 2593
1931 2435
1938 2742
1940 2551
1946 2555
1947 2542
1948 2520
1950 2467
1951 2465
1954 1981
1959 2466
1960 2370
1961 2354
1963 2228
1965 2368
1965 2043
1966 2363
1968 2610
1968 2403
1972 2288
1972 2287
1974 2621
1976 2558
1977 2205
1977 2124
1980 2739
1983 2393
1986 2295
1987 2167
1989 2697
1991 2688
1994 2063
1996 2745
1997 2100
1998 2405
2000 2191
2001 2083
2002 2720
2003 2687
2004 2160
2004 2588
2004 2568
2008 2199
2009 2697
2013 2115
2015 2104
2015 2129
2019 2380
2022 2184
2027 2333
2030 2438
2030 2429
2031 2316
2034 2482
2035 2411
2037 2766
2040 2376
2041 2400
2044 2103
2046 2466
2048 2579
2050 2068
2050 2379
2052 2098
2053 2307
2056 2133
2060 2718
2060 2570
2061 2351
2062 2336
2067 2643
2068 2194
2069 2428
2071 2757
2074 2226
2075 2586
2079 2104
2082 2602
2084 2339
2084 2285
2085 2225
2086 2517
2087 2576
2090 2388
2092 2202
2096 2505
2099 2752
2100 2247
2101 2307
2103 2267
2104 2286
2106 2714
2111 2237
2113 2381
2115 2318
2117 2554
2119 2556
2125 2647
2126 2758
2130 2587
2130 2276
2132 2659
2138 2206
2138 2731
2138 2653
2139 2493
2140 2483
2144 2541
2147 2279
2149 2404
2150 2341
2151 2353
2156 2555
2162 2553
2163 2644
2166 2364
2167 2558
2168 2422
2172 2518
2175 2396
2177 2326
2180 2314
2183 2533
2185 2412
2189 2351
2194 2289
2196 2594
2197 2573
2198 2661
2202 2633
2205 2360
2207 2211
2209 2411
2210 2397
2210 2650
2210 2253
2211 2392
2213 2249
2215 2754
2216 2412
2221 2372
2222 2326
2223 2634
2225 2438
2226 2384
2229 2630
2230 2681
2231 2391
2234 2307
2236 2585
2239 2696
2241 2305
2241 2657
2252 2745
2260 2635
2266 2684
2267 2414
2267 2499
2272 2502
2273 2357
2276 2489
2278 2625
2283 2565
2284 2640
2287 2735
2288 2616
2292 2596
2301 2457
2306 2710
2307 2547
2310 2728
2311 2575
2314 2724
2318 2772
2321 2589
2323 2574
2326 2364
2332 2429
2336 2368
2337 2488
2338 2459
2341 2494
2344 2494
2348 2707
2350 2429
2352 2707
2353 2732
2356 2453
2366 2688
2367 2554
2367 2456
2368 2761
2369 2699
2371 2755
2372 2748
2373 2449
2378 2628
2379 2525
2387 2686
2392 2581
2396 2521
2396 2613
2404 2761
2408 2679
2409 2416
2418 2644
2420 2494
2422 2485
2440 2663
2443 2719
2444 2604
2448 2662
2457 2605
2464 2599
2465 2652
2475 2522
2479 2550
2491 2730
2493 2662
2496 2723
2513 2638
2514 2712
2514 2697
2517 2774
2519 2592
2524 2549
2524 2675
2534 2545
2544 2563
2545 2642
2555 2702
2559 2752
2562 2595
2563 2729
2592 2719
2609 2618
2620 2624
2630 2676
2630 2685
2632 2725
2634 2655
2639 2664
2648 2680
2650 2689
2658 2694
2673 2684
2681 2698
2724 2773
