96
1 20
2 77
2 8
2 76
3 50
3 14
4 73
5 77
6 19
6 65
7 63
8 71
9 78
9 96
10 53
10 90
11 14
11 43
12 82
13 33
13 27
13 95
14 37
15 47
16 54
17 82
17 54
18 52
19 88
20 26
21 49
22 71
23 92
24 44
24 61
25 90
26 29
27 76
28 86
28 33
29 81
29 94
30 86
31 69
32 41
32 76
33 56
33 74
34 82
35 45
36 75
36 88
38 62
38 39
39 41
40 66
40 85
40 50
42 59
42 88
43 80
43 49
44 68
45 81
46 70
46 71
47 52
47 84
48 91
48 60
48 96
49 92
49 93
49 67
49 60
51 59
54 58
54 65
55 81
56 64
57 88
59 73
61 84
62 84
63 88
65 81
67 95
69 82
71 72
72 94
75 89
79 90
80 90
83 86
87 92
