97
1 53
1 5
2 33
2 36
2 27
3 43
3 65
3 97
4 10
4 68
4 62
5 31
6 19
6 73
6 82
7 60
8 84
8 29
9 29
9 86
9 49
11 32
11 94
11 89
12 51
13 38
14 57
14 16
15 74
16 91
16 90
17 62
18 49
20 67
20 64
21 71
22 75
23 66
23 81
23 77
23 35
24 77
25 93
26 27
26 69
26 35
28 92
29 50
30 54
30 92
31 55
31 63
34 60
35 74
37 52
37 72
38 94
39 45
40 48
40 65
41 84
42 48
43 79
44 74
44 97
45 96
46 66
47 91
48 75
48 80
48 93
49 88
49 53
50 51
51 56
55 76
55 83
58 70
58 77
59 89
59 97
60 82
60 97
61 68
62 97
63 64
63 92
63 96
63 68
64 78
70 85
71 89
72 83
74 95
87 88
90 95
