91
1 67
2 37
3 75
4 40
5 42
6 44
6 66
7 51
7 10
8 62
8 13
8 54
9 71
9 89
9 22
10 14
10 13
11 42
11 39
12 23
12 37
14 32
15 35
15 73
16 48
17 57
18 69
18 72
19 72
19 73
19 33
20 74
20 50
21 61
22 42
23 41
23 77
24 50
24 64
25 82
25 27
26 81
27 80
27 55
28 53
29 73
30 31
30 59
30 51
31 66
31 88
31 39
33 67
33 70
34 64
34 45
36 42
37 82
38 51
39 81
40 53
43 45
43 73
46 86
47 51
48 90
48 59
49 61
49 67
50 56
50 86
52 73
53 75
53 58
54 85
55 83
55 69
57 87
58 65
58 74
59 70
60 68
62 87
63 90
68 87
72 78
74 84
76 81
79 89
85 91
